age = 13.533281205826205
chistar = 13639.236692360822
cmbshift = 1.7478388170201846
dastar = 13.639320911011314
kd = 0.1450309354601324
keq = 0.010703530984929344
nz = 401
rdrag = 144.38189764058075
rs_zdrag = 144.38189764058075
rstar = 142.35603703620765
thetad = 0.15881681300586245
thetaeq = 0.8025154786138284
thetarseq = 0.44248164594754075
thetastar = 1.0437179238247896
zdrag = 1064.4757734988625
zeq = 3506.8923433732352
zstar = 1087.9933479827744
