age = 13.658135730995836
chistar = 13818.80169196994
dastar = 13.819041045356528
kd = 0.1414432193202884
keq = 0.01035631016069249
nz = 401
rdrag = 146.7785910883177
rs_zdrag = 146.7785910883177
rstar = 144.2775371025709
thetad = 0.16072736815589547
thetaeq = 0.8186354515371823
thetarseq = 0.45189959303385147
thetastar = 1.044048835436747
zdrag = 1061.0701212085983
zeq = 3393.093626933502
zstar = 1089.3580268893352
