age = 14.816106687004654
chistar = 14770.214693639598
dastar = 14.77061304579591
kd = 0.12648500355435333
keq = 0.00926436085361843
nz = 401
rdrag = 156.45444679788363
rs_zdrag = 156.45444679788363
rstar = 151.36464535859662
thetad = 0.16815597929186743
thetaeq = 0.8561711047491244
thetarseq = 0.47598793372223164
thetastar = 1.0247688764799023
zdrag = 1045.4980284308554
zeq = 3035.623246374374
zstar = 1097.602040878324
